            Conv2d-1         [-1, 64, 256, 256]           9,408
    FixedBatchNorm-4         [-1, 64, 256, 256]             128
              ReLU-7         [-1, 64, 256, 256]               0
        MaxPool2d-10         [-1, 64, 128, 128]               0
           Conv2d-13         [-1, 64, 128, 128]           4,096
   FixedBatchNorm-16         [-1, 64, 128, 128]             128
             ReLU-19         [-1, 64, 128, 128]               0
           Conv2d-22         [-1, 64, 128, 128]          36,864
   FixedBatchNorm-25         [-1, 64, 128, 128]             128
             ReLU-28         [-1, 64, 128, 128]               0
           Conv2d-31        [-1, 256, 128, 128]          16,384
   FixedBatchNorm-34        [-1, 256, 128, 128]             512
           Conv2d-37        [-1, 256, 128, 128]          16,384
   FixedBatchNorm-40        [-1, 256, 128, 128]             512
             ReLU-43        [-1, 256, 128, 128]               0
       Bottleneck-46        [-1, 256, 128, 128]               0
           Conv2d-49         [-1, 64, 128, 128]          16,384
   FixedBatchNorm-52         [-1, 64, 128, 128]             128
             ReLU-55         [-1, 64, 128, 128]               0
           Conv2d-58         [-1, 64, 128, 128]          36,864
   FixedBatchNorm-61         [-1, 64, 128, 128]             128
             ReLU-64         [-1, 64, 128, 128]               0
           Conv2d-67        [-1, 256, 128, 128]          16,384
   FixedBatchNorm-70        [-1, 256, 128, 128]             512
             ReLU-73        [-1, 256, 128, 128]               0
       Bottleneck-76        [-1, 256, 128, 128]               0
           Conv2d-79         [-1, 64, 128, 128]          16,384
   FixedBatchNorm-82         [-1, 64, 128, 128]             128
             ReLU-85         [-1, 64, 128, 128]               0
           Conv2d-88         [-1, 64, 128, 128]          36,864
   FixedBatchNorm-91         [-1, 64, 128, 128]             128
             ReLU-94         [-1, 64, 128, 128]               0
           Conv2d-97        [-1, 256, 128, 128]          16,384
  FixedBatchNorm-100        [-1, 256, 128, 128]             512
            ReLU-103        [-1, 256, 128, 128]               0
      Bottleneck-106        [-1, 256, 128, 128]               0
          Conv2d-109        [-1, 128, 128, 128]          32,768
  FixedBatchNorm-112        [-1, 128, 128, 128]             256
            ReLU-115        [-1, 128, 128, 128]               0
          Conv2d-118          [-1, 128, 64, 64]         147,456
  FixedBatchNorm-121          [-1, 128, 64, 64]             256
            ReLU-124          [-1, 128, 64, 64]               0
          Conv2d-127          [-1, 512, 64, 64]          65,536
  FixedBatchNorm-130          [-1, 512, 64, 64]           1,024
          Conv2d-133          [-1, 512, 64, 64]         131,072
  FixedBatchNorm-136          [-1, 512, 64, 64]           1,024
            ReLU-139          [-1, 512, 64, 64]               0
      Bottleneck-142          [-1, 512, 64, 64]               0
          Conv2d-145          [-1, 128, 64, 64]          65,536
  FixedBatchNorm-148          [-1, 128, 64, 64]             256
            ReLU-151          [-1, 128, 64, 64]               0
          Conv2d-154          [-1, 128, 64, 64]         147,456
  FixedBatchNorm-157          [-1, 128, 64, 64]             256
            ReLU-160          [-1, 128, 64, 64]               0
          Conv2d-163          [-1, 512, 64, 64]          65,536
  FixedBatchNorm-166          [-1, 512, 64, 64]           1,024
            ReLU-169          [-1, 512, 64, 64]               0
      Bottleneck-172          [-1, 512, 64, 64]               0
          Conv2d-175          [-1, 128, 64, 64]          65,536
  FixedBatchNorm-178          [-1, 128, 64, 64]             256
            ReLU-181          [-1, 128, 64, 64]               0
          Conv2d-184          [-1, 128, 64, 64]         147,456
  FixedBatchNorm-187          [-1, 128, 64, 64]             256
            ReLU-190          [-1, 128, 64, 64]               0
          Conv2d-193          [-1, 512, 64, 64]          65,536
  FixedBatchNorm-196          [-1, 512, 64, 64]           1,024
            ReLU-199          [-1, 512, 64, 64]               0
      Bottleneck-202          [-1, 512, 64, 64]               0
          Conv2d-205          [-1, 128, 64, 64]          65,536
  FixedBatchNorm-208          [-1, 128, 64, 64]             256
            ReLU-211          [-1, 128, 64, 64]               0
          Conv2d-214          [-1, 128, 64, 64]         147,456
  FixedBatchNorm-217          [-1, 128, 64, 64]             256
            ReLU-220          [-1, 128, 64, 64]               0
          Conv2d-223          [-1, 512, 64, 64]          65,536
  FixedBatchNorm-226          [-1, 512, 64, 64]           1,024
            ReLU-229          [-1, 512, 64, 64]               0
      Bottleneck-232          [-1, 512, 64, 64]               0
          Conv2d-235          [-1, 128, 64, 64]          65,536
  FixedBatchNorm-238          [-1, 128, 64, 64]             256
            ReLU-241          [-1, 128, 64, 64]               0
          Conv2d-244          [-1, 128, 64, 64]         147,456
  FixedBatchNorm-247          [-1, 128, 64, 64]             256
            ReLU-250          [-1, 128, 64, 64]               0
          Conv2d-253          [-1, 512, 64, 64]          65,536
  FixedBatchNorm-256          [-1, 512, 64, 64]           1,024
            ReLU-259          [-1, 512, 64, 64]               0
      Bottleneck-262          [-1, 512, 64, 64]               0
          Conv2d-265          [-1, 128, 64, 64]          65,536
  FixedBatchNorm-268          [-1, 128, 64, 64]             256
            ReLU-271          [-1, 128, 64, 64]               0
          Conv2d-274          [-1, 128, 64, 64]         147,456
  FixedBatchNorm-277          [-1, 128, 64, 64]             256
            ReLU-280          [-1, 128, 64, 64]               0
          Conv2d-283          [-1, 512, 64, 64]          65,536
  FixedBatchNorm-286          [-1, 512, 64, 64]           1,024
            ReLU-289          [-1, 512, 64, 64]               0
      Bottleneck-292          [-1, 512, 64, 64]               0
          Conv2d-295          [-1, 128, 64, 64]          65,536
  FixedBatchNorm-298          [-1, 128, 64, 64]             256
            ReLU-301          [-1, 128, 64, 64]               0
          Conv2d-304          [-1, 128, 64, 64]         147,456
  FixedBatchNorm-307          [-1, 128, 64, 64]             256
            ReLU-310          [-1, 128, 64, 64]               0
          Conv2d-313          [-1, 512, 64, 64]          65,536
  FixedBatchNorm-316          [-1, 512, 64, 64]           1,024
            ReLU-319          [-1, 512, 64, 64]               0
      Bottleneck-322          [-1, 512, 64, 64]               0
          Conv2d-325          [-1, 128, 64, 64]          65,536
  FixedBatchNorm-328          [-1, 128, 64, 64]             256
            ReLU-331          [-1, 128, 64, 64]               0
          Conv2d-334          [-1, 128, 64, 64]         147,456
  FixedBatchNorm-337          [-1, 128, 64, 64]             256
            ReLU-340          [-1, 128, 64, 64]               0
          Conv2d-343          [-1, 512, 64, 64]          65,536
  FixedBatchNorm-346          [-1, 512, 64, 64]           1,024
            ReLU-349          [-1, 512, 64, 64]               0
      Bottleneck-352          [-1, 512, 64, 64]               0
          Conv2d-355          [-1, 256, 64, 64]         131,072
  FixedBatchNorm-358          [-1, 256, 64, 64]             512
            ReLU-361          [-1, 256, 64, 64]               0
          Conv2d-364          [-1, 256, 32, 32]         589,824
  FixedBatchNorm-367          [-1, 256, 32, 32]             512
            ReLU-370          [-1, 256, 32, 32]               0
          Conv2d-373         [-1, 1024, 32, 32]         262,144
  FixedBatchNorm-376         [-1, 1024, 32, 32]           2,048
          Conv2d-379         [-1, 1024, 32, 32]         524,288
  FixedBatchNorm-382         [-1, 1024, 32, 32]           2,048
            ReLU-385         [-1, 1024, 32, 32]               0
      Bottleneck-388         [-1, 1024, 32, 32]               0
          Conv2d-391          [-1, 256, 32, 32]         262,144
  FixedBatchNorm-394          [-1, 256, 32, 32]             512
            ReLU-397          [-1, 256, 32, 32]               0
          Conv2d-400          [-1, 256, 32, 32]         589,824
  FixedBatchNorm-403          [-1, 256, 32, 32]             512
            ReLU-406          [-1, 256, 32, 32]               0
          Conv2d-409         [-1, 1024, 32, 32]         262,144
  FixedBatchNorm-412         [-1, 1024, 32, 32]           2,048
            ReLU-415         [-1, 1024, 32, 32]               0
      Bottleneck-418         [-1, 1024, 32, 32]               0
          Conv2d-421          [-1, 256, 32, 32]         262,144
  FixedBatchNorm-424          [-1, 256, 32, 32]             512
            ReLU-427          [-1, 256, 32, 32]               0
          Conv2d-430          [-1, 256, 32, 32]         589,824
  FixedBatchNorm-433          [-1, 256, 32, 32]             512
            ReLU-436          [-1, 256, 32, 32]               0
          Conv2d-439         [-1, 1024, 32, 32]         262,144
  FixedBatchNorm-442         [-1, 1024, 32, 32]           2,048
            ReLU-445         [-1, 1024, 32, 32]               0
      Bottleneck-448         [-1, 1024, 32, 32]               0
          Conv2d-451          [-1, 256, 32, 32]         262,144
  FixedBatchNorm-454          [-1, 256, 32, 32]             512
            ReLU-457          [-1, 256, 32, 32]               0
          Conv2d-460          [-1, 256, 32, 32]         589,824
  FixedBatchNorm-463          [-1, 256, 32, 32]             512
            ReLU-466          [-1, 256, 32, 32]               0
          Conv2d-469         [-1, 1024, 32, 32]         262,144
  FixedBatchNorm-472         [-1, 1024, 32, 32]           2,048
            ReLU-475         [-1, 1024, 32, 32]               0
      Bottleneck-478         [-1, 1024, 32, 32]               0
          Conv2d-481          [-1, 256, 32, 32]         262,144
  FixedBatchNorm-484          [-1, 256, 32, 32]             512
            ReLU-487          [-1, 256, 32, 32]               0
          Conv2d-490          [-1, 256, 32, 32]         589,824
  FixedBatchNorm-493          [-1, 256, 32, 32]             512
            ReLU-496          [-1, 256, 32, 32]               0
          Conv2d-499         [-1, 1024, 32, 32]         262,144
  FixedBatchNorm-502         [-1, 1024, 32, 32]           2,048
            ReLU-505         [-1, 1024, 32, 32]               0
      Bottleneck-508         [-1, 1024, 32, 32]               0
          Conv2d-511          [-1, 256, 32, 32]         262,144
  FixedBatchNorm-514          [-1, 256, 32, 32]             512
            ReLU-517          [-1, 256, 32, 32]               0
          Conv2d-520          [-1, 256, 32, 32]         589,824
  FixedBatchNorm-523          [-1, 256, 32, 32]             512
            ReLU-526          [-1, 256, 32, 32]               0
          Conv2d-529         [-1, 1024, 32, 32]         262,144
  FixedBatchNorm-532         [-1, 1024, 32, 32]           2,048
            ReLU-535         [-1, 1024, 32, 32]               0
      Bottleneck-538         [-1, 1024, 32, 32]               0
          Conv2d-541          [-1, 256, 32, 32]         262,144
  FixedBatchNorm-544          [-1, 256, 32, 32]             512
            ReLU-547          [-1, 256, 32, 32]               0
          Conv2d-550          [-1, 256, 32, 32]         589,824
  FixedBatchNorm-553          [-1, 256, 32, 32]             512
            ReLU-556          [-1, 256, 32, 32]               0
          Conv2d-559         [-1, 1024, 32, 32]         262,144
  FixedBatchNorm-562         [-1, 1024, 32, 32]           2,048
            ReLU-565         [-1, 1024, 32, 32]               0
      Bottleneck-568         [-1, 1024, 32, 32]               0
          Conv2d-571          [-1, 256, 32, 32]         262,144
  FixedBatchNorm-574          [-1, 256, 32, 32]             512
            ReLU-577          [-1, 256, 32, 32]               0
          Conv2d-580          [-1, 256, 32, 32]         589,824
  FixedBatchNorm-583          [-1, 256, 32, 32]             512
            ReLU-586          [-1, 256, 32, 32]               0
          Conv2d-589         [-1, 1024, 32, 32]         262,144
  FixedBatchNorm-592         [-1, 1024, 32, 32]           2,048
            ReLU-595         [-1, 1024, 32, 32]               0
      Bottleneck-598         [-1, 1024, 32, 32]               0
          Conv2d-601          [-1, 256, 32, 32]         262,144
  FixedBatchNorm-604          [-1, 256, 32, 32]             512
            ReLU-607          [-1, 256, 32, 32]               0
          Conv2d-610          [-1, 256, 32, 32]         589,824
  FixedBatchNorm-613          [-1, 256, 32, 32]             512
            ReLU-616          [-1, 256, 32, 32]               0
          Conv2d-619         [-1, 1024, 32, 32]         262,144
  FixedBatchNorm-622         [-1, 1024, 32, 32]           2,048
            ReLU-625         [-1, 1024, 32, 32]               0
      Bottleneck-628         [-1, 1024, 32, 32]               0
          Conv2d-631          [-1, 256, 32, 32]         262,144
  FixedBatchNorm-634          [-1, 256, 32, 32]             512
            ReLU-637          [-1, 256, 32, 32]               0
          Conv2d-640          [-1, 256, 32, 32]         589,824
  FixedBatchNorm-643          [-1, 256, 32, 32]             512
            ReLU-646          [-1, 256, 32, 32]               0
          Conv2d-649         [-1, 1024, 32, 32]         262,144
  FixedBatchNorm-652         [-1, 1024, 32, 32]           2,048
            ReLU-655         [-1, 1024, 32, 32]               0
      Bottleneck-658         [-1, 1024, 32, 32]               0
          Conv2d-661          [-1, 256, 32, 32]         262,144
  FixedBatchNorm-664          [-1, 256, 32, 32]             512
            ReLU-667          [-1, 256, 32, 32]               0
          Conv2d-670          [-1, 256, 32, 32]         589,824
  FixedBatchNorm-673          [-1, 256, 32, 32]             512
            ReLU-676          [-1, 256, 32, 32]               0
          Conv2d-679         [-1, 1024, 32, 32]         262,144
  FixedBatchNorm-682         [-1, 1024, 32, 32]           2,048
            ReLU-685         [-1, 1024, 32, 32]               0
      Bottleneck-688         [-1, 1024, 32, 32]               0
          Conv2d-691          [-1, 256, 32, 32]         262,144
  FixedBatchNorm-694          [-1, 256, 32, 32]             512
            ReLU-697          [-1, 256, 32, 32]               0
          Conv2d-700          [-1, 256, 32, 32]         589,824
  FixedBatchNorm-703          [-1, 256, 32, 32]             512
            ReLU-706          [-1, 256, 32, 32]               0
          Conv2d-709         [-1, 1024, 32, 32]         262,144
  FixedBatchNorm-712         [-1, 1024, 32, 32]           2,048
            ReLU-715         [-1, 1024, 32, 32]               0
      Bottleneck-718         [-1, 1024, 32, 32]               0
          Conv2d-721          [-1, 256, 32, 32]         262,144
  FixedBatchNorm-724          [-1, 256, 32, 32]             512
            ReLU-727          [-1, 256, 32, 32]               0
          Conv2d-730          [-1, 256, 32, 32]         589,824
  FixedBatchNorm-733          [-1, 256, 32, 32]             512
            ReLU-736          [-1, 256, 32, 32]               0
          Conv2d-739         [-1, 1024, 32, 32]         262,144
  FixedBatchNorm-742         [-1, 1024, 32, 32]           2,048
            ReLU-745         [-1, 1024, 32, 32]               0
      Bottleneck-748         [-1, 1024, 32, 32]               0
          Conv2d-751          [-1, 256, 32, 32]         262,144
  FixedBatchNorm-754          [-1, 256, 32, 32]             512
            ReLU-757          [-1, 256, 32, 32]               0
          Conv2d-760          [-1, 256, 32, 32]         589,824
  FixedBatchNorm-763          [-1, 256, 32, 32]             512
            ReLU-766          [-1, 256, 32, 32]               0
          Conv2d-769         [-1, 1024, 32, 32]         262,144
  FixedBatchNorm-772         [-1, 1024, 32, 32]           2,048
            ReLU-775         [-1, 1024, 32, 32]               0
      Bottleneck-778         [-1, 1024, 32, 32]               0
          Conv2d-781          [-1, 256, 32, 32]         262,144
  FixedBatchNorm-784          [-1, 256, 32, 32]             512
            ReLU-787          [-1, 256, 32, 32]               0
          Conv2d-790          [-1, 256, 32, 32]         589,824
  FixedBatchNorm-793          [-1, 256, 32, 32]             512
            ReLU-796          [-1, 256, 32, 32]               0
          Conv2d-799         [-1, 1024, 32, 32]         262,144
  FixedBatchNorm-802         [-1, 1024, 32, 32]           2,048
            ReLU-805         [-1, 1024, 32, 32]               0
      Bottleneck-808         [-1, 1024, 32, 32]               0
          Conv2d-811          [-1, 256, 32, 32]         262,144
  FixedBatchNorm-814          [-1, 256, 32, 32]             512
            ReLU-817          [-1, 256, 32, 32]               0
          Conv2d-820          [-1, 256, 32, 32]         589,824
  FixedBatchNorm-823          [-1, 256, 32, 32]             512
            ReLU-826          [-1, 256, 32, 32]               0
          Conv2d-829         [-1, 1024, 32, 32]         262,144
  FixedBatchNorm-832         [-1, 1024, 32, 32]           2,048
            ReLU-835         [-1, 1024, 32, 32]               0
      Bottleneck-838         [-1, 1024, 32, 32]               0
          Conv2d-841          [-1, 256, 32, 32]         262,144
  FixedBatchNorm-844          [-1, 256, 32, 32]             512
            ReLU-847          [-1, 256, 32, 32]               0
          Conv2d-850          [-1, 256, 32, 32]         589,824
  FixedBatchNorm-853          [-1, 256, 32, 32]             512
            ReLU-856          [-1, 256, 32, 32]               0
          Conv2d-859         [-1, 1024, 32, 32]         262,144
  FixedBatchNorm-862         [-1, 1024, 32, 32]           2,048
            ReLU-865         [-1, 1024, 32, 32]               0
      Bottleneck-868         [-1, 1024, 32, 32]               0
          Conv2d-871          [-1, 256, 32, 32]         262,144
  FixedBatchNorm-874          [-1, 256, 32, 32]             512
            ReLU-877          [-1, 256, 32, 32]               0
          Conv2d-880          [-1, 256, 32, 32]         589,824
  FixedBatchNorm-883          [-1, 256, 32, 32]             512
            ReLU-886          [-1, 256, 32, 32]               0
          Conv2d-889         [-1, 1024, 32, 32]         262,144
  FixedBatchNorm-892         [-1, 1024, 32, 32]           2,048
            ReLU-895         [-1, 1024, 32, 32]               0
      Bottleneck-898         [-1, 1024, 32, 32]               0
          Conv2d-901          [-1, 256, 32, 32]         262,144
  FixedBatchNorm-904          [-1, 256, 32, 32]             512
            ReLU-907          [-1, 256, 32, 32]               0
          Conv2d-910          [-1, 256, 32, 32]         589,824
  FixedBatchNorm-913          [-1, 256, 32, 32]             512
            ReLU-916          [-1, 256, 32, 32]               0
          Conv2d-919         [-1, 1024, 32, 32]         262,144
  FixedBatchNorm-922         [-1, 1024, 32, 32]           2,048
            ReLU-925         [-1, 1024, 32, 32]               0
      Bottleneck-928         [-1, 1024, 32, 32]               0
          Conv2d-931          [-1, 256, 32, 32]         262,144
  FixedBatchNorm-934          [-1, 256, 32, 32]             512
            ReLU-937          [-1, 256, 32, 32]               0
          Conv2d-940          [-1, 256, 32, 32]         589,824
  FixedBatchNorm-943          [-1, 256, 32, 32]             512
            ReLU-946          [-1, 256, 32, 32]               0
          Conv2d-949         [-1, 1024, 32, 32]         262,144
  FixedBatchNorm-952         [-1, 1024, 32, 32]           2,048
            ReLU-955         [-1, 1024, 32, 32]               0
      Bottleneck-958         [-1, 1024, 32, 32]               0
          Conv2d-961          [-1, 256, 32, 32]         262,144
  FixedBatchNorm-964          [-1, 256, 32, 32]             512
            ReLU-967          [-1, 256, 32, 32]               0
          Conv2d-970          [-1, 256, 32, 32]         589,824
  FixedBatchNorm-973          [-1, 256, 32, 32]             512
            ReLU-976          [-1, 256, 32, 32]               0
          Conv2d-979         [-1, 1024, 32, 32]         262,144
  FixedBatchNorm-982         [-1, 1024, 32, 32]           2,048
            ReLU-985         [-1, 1024, 32, 32]               0
      Bottleneck-988         [-1, 1024, 32, 32]               0
          Conv2d-991          [-1, 256, 32, 32]         262,144
  FixedBatchNorm-994          [-1, 256, 32, 32]             512
            ReLU-997          [-1, 256, 32, 32]               0
         Conv2d-1000          [-1, 256, 32, 32]         589,824
 FixedBatchNorm-1003          [-1, 256, 32, 32]             512
           ReLU-1006          [-1, 256, 32, 32]               0
         Conv2d-1009         [-1, 1024, 32, 32]         262,144
 FixedBatchNorm-1012         [-1, 1024, 32, 32]           2,048
           ReLU-1015         [-1, 1024, 32, 32]               0
     Bottleneck-1018         [-1, 1024, 32, 32]               0
         Conv2d-1021          [-1, 256, 32, 32]         262,144
 FixedBatchNorm-1024          [-1, 256, 32, 32]             512
           ReLU-1027          [-1, 256, 32, 32]               0
         Conv2d-1030          [-1, 256, 32, 32]         589,824
 FixedBatchNorm-1033          [-1, 256, 32, 32]             512
           ReLU-1036          [-1, 256, 32, 32]               0
         Conv2d-1039         [-1, 1024, 32, 32]         262,144
 FixedBatchNorm-1042         [-1, 1024, 32, 32]           2,048
           ReLU-1045         [-1, 1024, 32, 32]               0
     Bottleneck-1048         [-1, 1024, 32, 32]               0
         Conv2d-1051          [-1, 256, 32, 32]         262,144
 FixedBatchNorm-1054          [-1, 256, 32, 32]             512
           ReLU-1057          [-1, 256, 32, 32]               0
         Conv2d-1060          [-1, 256, 32, 32]         589,824
 FixedBatchNorm-1063          [-1, 256, 32, 32]             512
           ReLU-1066          [-1, 256, 32, 32]               0
         Conv2d-1069         [-1, 1024, 32, 32]         262,144
 FixedBatchNorm-1072         [-1, 1024, 32, 32]           2,048
           ReLU-1075         [-1, 1024, 32, 32]               0
     Bottleneck-1078         [-1, 1024, 32, 32]               0
         Conv2d-1081          [-1, 256, 32, 32]         262,144
 FixedBatchNorm-1084          [-1, 256, 32, 32]             512
           ReLU-1087          [-1, 256, 32, 32]               0
         Conv2d-1090          [-1, 256, 32, 32]         589,824
 FixedBatchNorm-1093          [-1, 256, 32, 32]             512
           ReLU-1096          [-1, 256, 32, 32]               0
         Conv2d-1099         [-1, 1024, 32, 32]         262,144
 FixedBatchNorm-1102         [-1, 1024, 32, 32]           2,048
           ReLU-1105         [-1, 1024, 32, 32]               0
     Bottleneck-1108         [-1, 1024, 32, 32]               0
         Conv2d-1111          [-1, 256, 32, 32]         262,144
 FixedBatchNorm-1114          [-1, 256, 32, 32]             512
           ReLU-1117          [-1, 256, 32, 32]               0
         Conv2d-1120          [-1, 256, 32, 32]         589,824
 FixedBatchNorm-1123          [-1, 256, 32, 32]             512
           ReLU-1126          [-1, 256, 32, 32]               0
         Conv2d-1129         [-1, 1024, 32, 32]         262,144
 FixedBatchNorm-1132         [-1, 1024, 32, 32]           2,048
           ReLU-1135         [-1, 1024, 32, 32]               0
     Bottleneck-1138         [-1, 1024, 32, 32]               0
         Conv2d-1141          [-1, 256, 32, 32]         262,144
 FixedBatchNorm-1144          [-1, 256, 32, 32]             512
           ReLU-1147          [-1, 256, 32, 32]               0
         Conv2d-1150          [-1, 256, 32, 32]         589,824
 FixedBatchNorm-1153          [-1, 256, 32, 32]             512
           ReLU-1156          [-1, 256, 32, 32]               0
         Conv2d-1159         [-1, 1024, 32, 32]         262,144
 FixedBatchNorm-1162         [-1, 1024, 32, 32]           2,048
           ReLU-1165         [-1, 1024, 32, 32]               0
     Bottleneck-1168         [-1, 1024, 32, 32]               0
         Conv2d-1171          [-1, 256, 32, 32]         262,144
 FixedBatchNorm-1174          [-1, 256, 32, 32]             512
           ReLU-1177          [-1, 256, 32, 32]               0
         Conv2d-1180          [-1, 256, 32, 32]         589,824
 FixedBatchNorm-1183          [-1, 256, 32, 32]             512
           ReLU-1186          [-1, 256, 32, 32]               0
         Conv2d-1189         [-1, 1024, 32, 32]         262,144
 FixedBatchNorm-1192         [-1, 1024, 32, 32]           2,048
           ReLU-1195         [-1, 1024, 32, 32]               0
     Bottleneck-1198         [-1, 1024, 32, 32]               0
         Conv2d-1201          [-1, 256, 32, 32]         262,144
 FixedBatchNorm-1204          [-1, 256, 32, 32]             512
           ReLU-1207          [-1, 256, 32, 32]               0
         Conv2d-1210          [-1, 256, 32, 32]         589,824
 FixedBatchNorm-1213          [-1, 256, 32, 32]             512
           ReLU-1216          [-1, 256, 32, 32]               0
         Conv2d-1219         [-1, 1024, 32, 32]         262,144
 FixedBatchNorm-1222         [-1, 1024, 32, 32]           2,048
           ReLU-1225         [-1, 1024, 32, 32]               0
     Bottleneck-1228         [-1, 1024, 32, 32]               0
         Conv2d-1231          [-1, 256, 32, 32]         262,144
 FixedBatchNorm-1234          [-1, 256, 32, 32]             512
           ReLU-1237          [-1, 256, 32, 32]               0
         Conv2d-1240          [-1, 256, 32, 32]         589,824
 FixedBatchNorm-1243          [-1, 256, 32, 32]             512
           ReLU-1246          [-1, 256, 32, 32]               0
         Conv2d-1249         [-1, 1024, 32, 32]         262,144
 FixedBatchNorm-1252         [-1, 1024, 32, 32]           2,048
           ReLU-1255         [-1, 1024, 32, 32]               0
     Bottleneck-1258         [-1, 1024, 32, 32]               0
         Conv2d-1261          [-1, 256, 32, 32]         262,144
 FixedBatchNorm-1264          [-1, 256, 32, 32]             512
           ReLU-1267          [-1, 256, 32, 32]               0
         Conv2d-1270          [-1, 256, 32, 32]         589,824
 FixedBatchNorm-1273          [-1, 256, 32, 32]             512
           ReLU-1276          [-1, 256, 32, 32]               0
         Conv2d-1279         [-1, 1024, 32, 32]         262,144
 FixedBatchNorm-1282         [-1, 1024, 32, 32]           2,048
           ReLU-1285         [-1, 1024, 32, 32]               0
     Bottleneck-1288         [-1, 1024, 32, 32]               0
         Conv2d-1291          [-1, 256, 32, 32]         262,144
 FixedBatchNorm-1294          [-1, 256, 32, 32]             512
           ReLU-1297          [-1, 256, 32, 32]               0
         Conv2d-1300          [-1, 256, 32, 32]         589,824
 FixedBatchNorm-1303          [-1, 256, 32, 32]             512
           ReLU-1306          [-1, 256, 32, 32]               0
         Conv2d-1309         [-1, 1024, 32, 32]         262,144
 FixedBatchNorm-1312         [-1, 1024, 32, 32]           2,048
           ReLU-1315         [-1, 1024, 32, 32]               0
     Bottleneck-1318         [-1, 1024, 32, 32]               0
         Conv2d-1321          [-1, 256, 32, 32]         262,144
 FixedBatchNorm-1324          [-1, 256, 32, 32]             512
           ReLU-1327          [-1, 256, 32, 32]               0
         Conv2d-1330          [-1, 256, 32, 32]         589,824
 FixedBatchNorm-1333          [-1, 256, 32, 32]             512
           ReLU-1336          [-1, 256, 32, 32]               0
         Conv2d-1339         [-1, 1024, 32, 32]         262,144
 FixedBatchNorm-1342         [-1, 1024, 32, 32]           2,048
           ReLU-1345         [-1, 1024, 32, 32]               0
     Bottleneck-1348         [-1, 1024, 32, 32]               0
         Conv2d-1351          [-1, 256, 32, 32]         262,144
 FixedBatchNorm-1354          [-1, 256, 32, 32]             512
           ReLU-1357          [-1, 256, 32, 32]               0
         Conv2d-1360          [-1, 256, 32, 32]         589,824
 FixedBatchNorm-1363          [-1, 256, 32, 32]             512
           ReLU-1366          [-1, 256, 32, 32]               0
         Conv2d-1369         [-1, 1024, 32, 32]         262,144
 FixedBatchNorm-1372         [-1, 1024, 32, 32]           2,048
           ReLU-1375         [-1, 1024, 32, 32]               0
     Bottleneck-1378         [-1, 1024, 32, 32]               0
         Conv2d-1381          [-1, 256, 32, 32]         262,144
 FixedBatchNorm-1384          [-1, 256, 32, 32]             512
           ReLU-1387          [-1, 256, 32, 32]               0
         Conv2d-1390          [-1, 256, 32, 32]         589,824
 FixedBatchNorm-1393          [-1, 256, 32, 32]             512
           ReLU-1396          [-1, 256, 32, 32]               0
         Conv2d-1399         [-1, 1024, 32, 32]         262,144
 FixedBatchNorm-1402         [-1, 1024, 32, 32]           2,048
           ReLU-1405         [-1, 1024, 32, 32]               0
     Bottleneck-1408         [-1, 1024, 32, 32]               0
         Conv2d-1411          [-1, 256, 32, 32]         262,144
 FixedBatchNorm-1414          [-1, 256, 32, 32]             512
           ReLU-1417          [-1, 256, 32, 32]               0
         Conv2d-1420          [-1, 256, 32, 32]         589,824
 FixedBatchNorm-1423          [-1, 256, 32, 32]             512
           ReLU-1426          [-1, 256, 32, 32]               0
         Conv2d-1429         [-1, 1024, 32, 32]         262,144
 FixedBatchNorm-1432         [-1, 1024, 32, 32]           2,048
           ReLU-1435         [-1, 1024, 32, 32]               0
     Bottleneck-1438         [-1, 1024, 32, 32]               0
         Conv2d-1441         [-1, 32, 128, 128]           2,048
      GroupNorm-1444         [-1, 32, 128, 128]              64
         Conv2d-1447         [-1, 32, 128, 128]           8,192
      GroupNorm-1450         [-1, 32, 128, 128]              64
         Conv2d-1453           [-1, 32, 64, 64]          16,384
      GroupNorm-1456           [-1, 32, 64, 64]              64
           ReLU-1459         [-1, 32, 128, 128]               0
         Conv2d-1462           [-1, 32, 32, 32]          32,768
       Upsample-1465         [-1, 32, 128, 128]               0
           ReLU-1468         [-1, 32, 128, 128]               0
         Conv2d-1471         [-1, 64, 128, 128]           4,096
      GroupNorm-1474         [-1, 64, 128, 128]             128
         Conv2d-1477        [-1, 128, 128, 128]          32,768
      GroupNorm-1480        [-1, 128, 128, 128]             256
         Conv2d-1483          [-1, 256, 64, 64]         131,072
      GroupNorm-1486          [-1, 256, 64, 64]             512
         Conv2d-1489          [-1, 256, 32, 32]         262,144
      GroupNorm-1492          [-1, 256, 32, 32]             512
           ReLU-1495          [-1, 256, 64, 64]               0
         Conv2d-1498          [-1, 256, 64, 64]         131,072
       Upsample-1501        [-1, 256, 128, 128]               0
           ReLU-1504        [-1, 256, 128, 128]               0
      GroupNorm-1507        [-1, 256, 128, 128]             512
           ReLU-1510        [-1, 256, 128, 128]               0
      MeanShift-1513          [-1, 2, 128, 128]               0
