resnet18
### TRAIN ###
eval_cam
{'iou': array([0.74369463, 0.27378597, 0.2395844 , 0.26041422, 0.16002384,
       0.32209803, 0.34633063, 0.34101848, 0.30146278, 0.15808953,
       0.23355744, 0.21608978, 0.3585825 , 0.32300442, 0.34112704,
       0.2799983 , 0.28013806, 0.25463229, 0.30974906, 0.24572737,
       0.28816868]), 'miou': 0.2989179727170409}

eval_ins_seg
0.5iou: {'ap': array([1.31276944e-01, 1.49835181e-04, 2.97415410e-01, 4.69084869e-02,
       7.27285687e-02, 2.76584983e-01, 1.59631317e-01, 2.48448211e-01,
       4.99714649e-03, 1.39659098e-01, 6.44752534e-03, 3.31260502e-01,
       2.00655616e-01, 1.43314146e-01, 2.55939504e-02, 3.82929542e-02,
       2.01806940e-01, 1.97972643e-01, 1.80654585e-01, 2.72771975e-01]), 'map': 0.14882854178475863}
0.7iou: {'ap': array([0.00629568, 0.        , 0.1335815 , 0.01041607, 0.04092005,
       0.07939005, 0.05328549, 0.10607441, 0.00056892, 0.01761028,
       0.00050556, 0.12034197, 0.02319425, 0.02165336, 0.00214735,
       0.0042963 , 0.08215993, 0.04900789, 0.01887721, 0.05827444]), 'map': 0.04143003583945401}

eval_sem_seg
0.15507595970562882 0.04197437877196186
0.15500004011340518 0.464665618435493
{'iou': array([0.80294966, 0.40990744, 0.35669717, 0.40318139, 0.22018638,
       0.441854  , 0.48514594, 0.4536205 , 0.46924324, 0.18099353,
       0.34051325, 0.16446767, 0.58861954, 0.47188429, 0.391591  ,
       0.3490777 , 0.37671601, 0.45111996, 0.37176288, 0.34081279,
       0.33929217]), 'miou': 0.4004588805021167}

### VAL ###
eval_cam
{'iou': array([0.74270779, 0.28798201, 0.22343008, 0.27215151, 0.15173924,
       0.29262914, 0.30322407, 0.30336855, 0.32933223, 0.17425834,
       0.20076042, 0.20599369, 0.35713315, 0.3336702 , 0.35638778,
       0.28183574, 0.28443769, 0.28481399, 0.28052575, 0.26045443,
       0.29492895]), 'miou': 0.2962745118278371}



### TEST ###


resnet34
### TRAIN ###
eval_cam
{'iou': array([0.76420224, 0.31917686, 0.22385355, 0.26201058, 0.2234397 ,
       0.30532068, 0.34218981, 0.39130574, 0.34534334, 0.18584049,
       0.31597537, 0.26746763, 0.37947676, 0.35800105, 0.3835577 ,
       0.43383653, 0.2944186 , 0.28810794, 0.32999662, 0.28849439,
       0.31868807]), 'miou': 0.33431922126064983}

eval_ins_seg
0.5iou: {'ap': array([0.1811389 , 0.00184213, 0.37563738, 0.10761829, 0.07664079,
       0.27025817, 0.25087411, 0.3505821 , 0.01726772, 0.19718366,
       0.05067048, 0.38650117, 0.29414491, 0.26380401, 0.13066406,
       0.02565589, 0.22807066, 0.23644784, 0.27557542, 0.25519532]), 'map': 0.19878865128598736}
0.7iou: {'ap': array([0.00955363, 0.        , 0.10004951, 0.03090822, 0.02209457,
       0.1203086 , 0.12260423, 0.0990587 , 0.0026462 , 0.07006579,
       0.00180433, 0.10407864, 0.02492308, 0.047144  , 0.01647656,
       0.00532786, 0.07327987, 0.09706615, 0.08680238, 0.06883382]), 'map': 0.05515130619791044}

eval_sem_seg
0.13346144772573776 0.03667422226796213
0.12977517826238588 0.42631417705069763
{'iou': array([0.82986433, 0.45116301, 0.36912615, 0.50902784, 0.30569154,
       0.46730949, 0.43880032, 0.51950571, 0.54188639, 0.20764777,
       0.43150083, 0.23166849, 0.60367754, 0.50236772, 0.5297961 ,
       0.60186979, 0.3945866 , 0.41087318, 0.38959291, 0.49847763,
       0.47364387]), 'miou': 0.4622893916068871}


resnet50
### TRAIN ###
eval_cam
{'iou': array([0.79312155, 0.43793226, 0.28494334, 0.44016935, 0.36602239,
       0.46105498, 0.62061831, 0.51733177, 0.48236104, 0.2858485 ,
       0.57089379, 0.39249113, 0.46612418, 0.50238784, 0.59680517,
       0.52856337, 0.42765318, 0.61785832, 0.4394101 , 0.50789729,
       0.45665767]), 'miou': 0.4855307392915363}
eval_ins_seg
0.5iou: {'ap': array([0.31238994, 0.00193424, 0.51351405, 0.25111563, 0.1187139 ,
       0.62768713, 0.37529478, 0.57028686, 0.05350233, 0.51589844,
       0.12799997, 0.51661392, 0.55945352, 0.53842894, 0.21289216,
       0.06257695, 0.39355303, 0.31153516, 0.53712583, 0.47003878]), 'map': 0.3535277773700467}
0.7iou: {'ap': array([0.03883464, 0.        , 0.29868304, 0.09745109, 0.0474412 ,
       0.34769748, 0.2442159 , 0.22429503, 0.01149148, 0.20926596,
       0.02124441, 0.29812545, 0.19584358, 0.14776587, 0.04601096,
       0.01621227, 0.22300127, 0.17740758, 0.26939692, 0.1814488 ]), 'map': 0.15479164503025616}

eval_sem_seg
0.07531810295026953 0.044721244936904325
0.141220073854798 0.2145766325386566
{'iou': array([0.87996065, 0.70729103, 0.3522652 , 0.75932866, 0.6404438 ,
       0.61476197, 0.80039891, 0.67586189, 0.7499781 , 0.34687378,
       0.78087835, 0.37424721, 0.7277485 , 0.77274159, 0.76151664,
       0.69575672, 0.52752821, 0.82546632, 0.55501151, 0.6520592 ,
       0.56390829]), 'miou': 0.6554298344877968}

resnet101
### TRAIN ###
eval_cam
{'iou': array([0.79952252, 0.44467263, 0.2951498 , 0.41903018, 0.38454382,
       0.50608575, 0.61723212, 0.5558375 , 0.57909783, 0.32260296,
       0.56030501, 0.48821872, 0.52546807, 0.49444856, 0.60040003,
       0.54701037, 0.40682798, 0.60239607, 0.48159305, 0.52837684,
       0.49093472]), 'miou': 0.5071311696402228}
eval_ins_seg
0.5iou: {'ap': array([0.43413285, 0.01282462, 0.57321348, 0.32855318, 0.1203212 ,
       0.6290349 , 0.33558011, 0.65626032, 0.06733551, 0.46258061,
       0.24898259, 0.59392857, 0.47971536, 0.52209152, 0.18609907,
       0.06534479, 0.36705126, 0.46329841, 0.58769354, 0.3915095 ]), 'map': 0.3762775697132847}
0.7iou: {'ap': array([0.12246604, 0.        , 0.27952942, 0.1429037 , 0.0508602 ,
       0.3638732 , 0.22505206, 0.45062974, 0.02023577, 0.24094971,
       0.05938325, 0.38658499, 0.12921445, 0.20576568, 0.03810906,
       0.01460387, 0.16942089, 0.27295712, 0.26449799, 0.11075717]), 'map': 0.1773897165255946}

eval_sem_seg
0.06369575125080207 0.04736253431006543
0.13838575367593792 0.19246576471387863
{'iou': array([0.88894171, 0.68109699, 0.3787559 , 0.77727288, 0.61114057,
       0.70446959, 0.81087873, 0.72704473, 0.84047219, 0.40198794,
       0.79267754, 0.47076886, 0.79164812, 0.75345887, 0.74568516,
       0.70177956, 0.45988862, 0.82570286, 0.62862968, 0.67854506,
       0.60106577]), 'miou': 0.6796148260306095}

resnet152
### TRAIN ###
makecam calismamis RuntimeError: unable to open shared memory object </torch_26831_2708596856> in read-write mode

resnext50
### TRAIN ###
eval_cam
step.eval_cam: Sun Jan  5 08:28:12 2020
{'iou': array([0.74429492, 0.27003946, 0.226142  , 0.23021191, 0.22489467,
       0.25708924, 0.31388748, 0.34170205, 0.29270629, 0.18244948,
       0.26993832, 0.24603971, 0.342833  , 0.30455606, 0.33944687,
       0.32190761, 0.27124773, 0.27805483, 0.29217435, 0.262856  ,
       0.28629235]), 'miou': 0.2999411585319699}
eval_ins_seg
0.5iou: {'ap': array([0.33764487, 0.        , 0.247911  , 0.12706846, 0.05374827,
       0.21314048, 0.17116044, 0.21523772, 0.01736204, 0.18520588,
       0.0606462 , 0.3224226 , 0.20723812, 0.20130823, 0.047581  ,
       0.08007082, 0.22540163, 0.16902086, 0.23450073, 0.25647155]), 'map': 0.16865704618773347}
0.7iou: {'ap': array([0.06740353, 0.        , 0.06436207, 0.05257937, 0.02614473,
       0.08179262, 0.06669092, 0.04939196, 0.00396434, 0.05857207,
       0.00621492, 0.10057371, 0.01084603, 0.04299369, 0.00658353,
       0.01885219, 0.10370618, 0.05601644, 0.04941909, 0.03885235]), 'map': 0.04524798688962247}

eval_sem_seg
0.15417723324968147 0.03621847544901968
0.1253255814852508 0.4663165591911927
{'iou': array([0.80960429, 0.49174506, 0.30339481, 0.41930506, 0.39935851,
       0.42214963, 0.43055509, 0.44346432, 0.44880205, 0.22172936,
       0.4284892 , 0.20106824, 0.56034256, 0.45528093, 0.46420848,
       0.40174797, 0.42055796, 0.44660857, 0.37533883, 0.43023181,
       0.40277875]), 'miou': 0.4274648322748776}

resnext101
### TRAIN ###
eval_cam
{'iou': array([0.74995466, 0.38693607, 0.25525104, 0.30106428, 0.28129588,
       0.32392884, 0.42948062, 0.45637623, 0.43569097, 0.25753015,
       0.38241804, 0.33202422, 0.46056611, 0.36204629, 0.46338001,
       0.41213576, 0.28274554, 0.37946321, 0.36627532, 0.34634661,
       0.3416142 ]), 'miou': 0.3812630508692672}
eval_ins_seg
0.5iou: {'ap': array([0.35824951, 0.00163887, 0.23901748, 0.19835729, 0.05717833,
       0.32993707, 0.2380258 , 0.59493237, 0.03781538, 0.2278647 ,
       0.07763621, 0.43703949, 0.25329433, 0.28562598, 0.0335876 ,
       0.03512674, 0.27519789, 0.32753269, 0.38823156, 0.25883269]), 'map': 0.2327560982828738}
0.7iou: {'ap': array([0.11818027, 0.        , 0.0813017 , 0.07712363, 0.00890708,
       0.14492099, 0.12094918, 0.23047733, 0.00521438, 0.07904265,
       0.01454893, 0.21230977, 0.03281852, 0.06123273, 0.00326751,
       0.01139032, 0.12214248, 0.1076261 , 0.16076254, 0.07922827]), 'map': 0.08357221843685185}

eval_sem_seg
0.10782692563502472 0.06426149468729037
0.13712574442880981 0.3629559917771853
{'iou': array([0.82791158, 0.63307356, 0.29524892, 0.51580707, 0.48211609,
       0.49400185, 0.557378  , 0.58668705, 0.68742748, 0.30122528,
       0.56399243, 0.26043181, 0.70487002, 0.52848017, 0.54982123,
       0.51637946, 0.30009975, 0.56885315, 0.42493157, 0.53761501,
       0.48992537]), 'miou': 0.5155369931217991}

wide_resnet50
### TRAIN ###
eval_cam
{'iou': array([0.74522794, 0.28132007, 0.20820655, 0.23391324, 0.20696074,
       0.23326763, 0.26091468, 0.29981169, 0.31024954, 0.17335123,
       0.25848002, 0.19466908, 0.3409019 , 0.25646135, 0.2999757 ,
       0.3392383 , 0.23171403, 0.23529084, 0.25918666, 0.24331319,
       0.28778015]), 'miou': 0.2809635487154765}

eval_ins_seg
0.5iou: {'ap': array([0.24644577, 0.00211077, 0.23715501, 0.13318599, 0.03530453,
       0.14174971, 0.14370059, 0.20431789, 0.01065864, 0.17012564,
       0.03455594, 0.365915  , 0.13875693, 0.14068233, 0.05432726,
       0.07884689, 0.13978575, 0.21865471, 0.15562641, 0.22852656]), 'map': 0.1440216158708409}
0.7iou: {'ap': array([4.98634610e-02, 1.68861871e-04, 6.79038904e-02, 1.16487455e-02,
       1.16381508e-02, 5.36130981e-02, 3.71893814e-02, 9.00922436e-02,
       1.07260726e-03, 5.94756859e-02, 2.11272080e-03, 1.84545759e-01,
       1.34836686e-02, 2.41557405e-02, 5.73391719e-03, 1.00461087e-02,
       5.50646811e-02, 3.64689608e-02, 3.94580201e-02, 6.86972366e-02]), 'map': 0.04112164697695371}

eval_sem_seg
0.16166644256839346 0.036238535425045515
0.12142882700440294 0.5088449373142708
{'iou': array([0.80209502, 0.48216991, 0.27953083, 0.40542291, 0.36053961,
       0.33408976, 0.34862762, 0.38539633, 0.43925023, 0.19400543,
       0.35292635, 0.15915368, 0.59993454, 0.39457476, 0.39849511,
       0.439496  , 0.32710657, 0.35430607, 0.35349682, 0.38851279,
       0.39748939]), 'miou': 0.39031522550633746}
